C1. 
fs =      Error            Rate of convergence
4.7624622101e-01
1.1468597118e-01       2.0540187187e+00
2.8404053239e-02       2.0135202051e+00
7.0843913447e-03       2.0033810016e+00
1.7700604116e-03       2.0008453095e+00
4.4245028648e-04       2.0002113311e+00
1.1060852094e-04       2.0000528331e+00
2.7651877086e-05       2.0000132076e+00
6.9129534483e-06       2.0000033022e+00
1.7282373608e-06       2.0000008359e+00
4.3205916311e-07       2.0000005913e+00
1.0801438632e-07       2.0000054021e+00
2.7003874248e-08       1.9999851654e+00
6.7512462287e-09       1.9999406633e+00
1.6889987187e-09       1.9989856036e+00
4.1934411499e-10       2.0099617189e+00
1.0647793758e-10       1.9775800773e+00
1.9166446208e-11       2.4738997662e+00
9.9373842488e-12       9.4764480517e-01
9.9373842488e-12       0.0000000000e+00
1.2635270608e-10       -3.6684466016e+00
1.2635270608e-10       0.0000000000e+00
3.3930858123e-10       -1.4251413542e+00
5.9201399338e-10       -8.0303336035e-01
5.9201399338e-10       0.0000000000e+00
5.9201399338e-10       0.0000000000e+00
6.8585666035e-09       -3.5342039117e+00
6.8585666035e-09       0.0000000000e+00
2.2943755784e-08       -1.7421225740e+00
3.6660888991e-08       -6.7614019724e-01
1.5587017854e-07       -2.0880312592e+00
8.2548400560e-08       9.1703276738e-01
8.2548400560e-08       0.0000000000e+00
8.7112591585e-07       -3.3995690993e+00
1.0362227170e-06       -2.5038094542e-01
2.7784745487e-06       -1.4229589079e+00
4.8509199826e-06       -8.0396535704e-01
1.0407869080e-05       -1.1013444325e+00
2.0109709045e-05       -9.5021748864e-01
2.0109709045e-05       0.0000000000e+00