C1.
b. Before fixing:
fs =  # panels               Integral                  Error                      Rate of Convergence
  2                  6.6044826171e-01           -2.0075056761e-01
  4                  5.6248481067e-01           -1.0278711657e-01
  8                  5.1169091004e-01           -5.1993215942e-02            9.4758833023e-01
  16                 4.8584401149e-01           -2.6146317387e-02            9.7466408978e-01
  32                 4.7280826737e-01           -1.3110573266e-02            9.8751823895e-01
  64                 4.6626233359e-01           -6.5646394891e-03            9.9380202637e-01
  128                4.6298235202e-01           -3.2846579205e-03            9.9691129945e-01
  256                4.6134060761e-01           -1.6429135131e-03            9.9845816709e-01

After fixing:

fs =  # panels               Integral                  Error                      Rate of Convergence
  2                  4.5008051550e-01           9.6171785959e-03
  4                  4.5730093757e-01           2.3967565285e-03
  8                  4.5909897349e-01           5.9872060828e-04            2.0056613293e+00
  16                 4.5954804321e-01           1.4965088779e-04            2.0014104889e+00
  32                 4.5966028323e-01           3.7410871164e-05            2.0003523208e+00
  64                 4.5968834152e-01           9.3525797252e-06            2.0000880614e+00
  128                4.5969535599e-01           2.3381139007e-06            2.0000220142e+00
  256                4.5969710960e-01           5.8450413404e-07            2.0000055035e+00